   0.0000000e+00   1.7236302e+00
   1.0000000e+00   5.0689449e+00
   2.0000000e+00   7.5126273e+00
   3.0000000e+00   3.0680636e+00
   4.0000000e+00   1.1435830e+00
   5.0000000e+00   4.1454822e-01
   6.0000000e+00   1.6653649e-01
   7.0000000e+00   1.0885529e+00
   8.0000000e+00   4.7566347e+00
   9.0000000e+00   2.0849807e+00
   1.0000000e+01   6.6730043e-01
   1.1000000e+01   2.7463680e-01
   1.2000000e+01   3.8934537e-01
   1.3000000e+01   1.2763307e+00
   1.4000000e+01   3.6285176e+00
   1.5000000e+01   2.7406380e+00
   1.6000000e+01   9.0125368e-01
   1.7000000e+01   2.9397223e-01
   1.8000000e+01   2.2441679e-01
   1.9000000e+01   6.9143321e-01
   2.0000000e+01   2.3328777e+00
   2.1000000e+01   3.9022595e+00
   2.2000000e+01   1.6945060e+00
   2.3000000e+01   6.2748854e-01
   2.4000000e+01   3.8218461e-01
   2.5000000e+01   6.8100956e-01
   2.6000000e+01   1.2574269e+00
   2.7000000e+01   1.3366786e+00
   2.8000000e+01   1.1294229e+00
   2.9000000e+01   1.1846426e+00
   3.0000000e+01   1.3623955e+00
   3.1000000e+01   1.1471481e+00
   3.2000000e+01   6.2965302e-01
   3.3000000e+01   3.4388110e-01
   3.4000000e+01   4.6820632e-01
   3.5000000e+01   1.1970679e+00
   3.6000000e+01   2.7109102e+00
   3.7000000e+01   2.0279824e+00
   3.8000000e+01   8.7829576e-01
   3.9000000e+01   4.3671617e-01
   4.0000000e+01   4.4705795e-01
   4.1000000e+01   6.6789415e-01
   4.2000000e+01   1.0724114e+00
   4.3000000e+01   1.1979703e+00
   4.4000000e+01   1.0709919e+00
   4.5000000e+01   8.6642678e-01
   4.6000000e+01   1.1277727e+00
   4.7000000e+01   1.2892364e+00
   4.8000000e+01   1.0205079e+00
   4.9000000e+01   8.7422211e-01
   5.0000000e+01   8.0445554e-01
   5.1000000e+01   9.7591761e-01
   5.2000000e+01   1.1529492e+00
   5.3000000e+01   1.2828300e+00
   5.4000000e+01   1.0334845e+00
   5.5000000e+01   8.9506144e-01
   5.6000000e+01   7.8395856e-01
   5.7000000e+01   5.9009469e-01
   5.8000000e+01   8.8019666e-01
   5.9000000e+01   1.7837417e+00
   6.0000000e+01   1.2731469e+00
   6.1000000e+01   7.2057206e-01
   6.2000000e+01   8.7546771e-01
   6.3000000e+01   1.1689011e+00
   6.4000000e+01   1.2100693e+00
   6.5000000e+01   1.0483926e+00
   6.6000000e+01   9.3713369e-01
   6.7000000e+01   1.2236746e+00
   6.8000000e+01   8.9211677e-01
   6.9000000e+01   8.4487552e-01
   7.0000000e+01   8.8614561e-01
   7.1000000e+01   7.7499002e-01
   7.2000000e+01   1.0128498e+00
   7.3000000e+01   1.1142980e+00
   7.4000000e+01   1.2414003e+00
   7.5000000e+01   1.0286055e+00
   7.6000000e+01   6.5080024e-01
   7.7000000e+01   7.8597203e-01
   7.8000000e+01   8.2952265e-01
   7.9000000e+01   9.6242258e-01
   8.0000000e+01   1.0302664e+00
   8.1000000e+01   1.0442686e+00
   8.2000000e+01   1.0596092e+00
   8.3000000e+01   1.0637904e+00
   8.4000000e+01   1.1499180e+00
   8.5000000e+01   1.3019012e+00
   8.6000000e+01   1.0019481e+00
   8.7000000e+01   1.0511482e+00
   8.8000000e+01   9.0685359e-01
   8.9000000e+01   8.5957560e-01
   9.0000000e+01   9.1382488e-01
   9.1000000e+01   8.1411833e-01
   9.2000000e+01   7.9896700e-01
   9.3000000e+01   1.0720705e+00
   9.4000000e+01   1.1660288e+00
   9.5000000e+01   1.3063947e+00
   9.6000000e+01   9.4233678e-01
   9.7000000e+01   9.0399072e-01
   9.8000000e+01   1.1017443e+00
   9.9000000e+01   1.0868991e+00
   1.0000000e+02   7.9010082e-01
   1.0100000e+02   8.3521825e-01
   1.0200000e+02   8.7949696e-01
   1.0300000e+02   1.1251473e+00
   1.0400000e+02   1.0159549e+00
   1.0500000e+02   8.0098949e-01
   1.0600000e+02   7.8530715e-01
   1.0700000e+02   8.3139142e-01
   1.0800000e+02   9.4119126e-01
   1.0900000e+02   1.1082853e+00
   1.1000000e+02   9.0296304e-01
   1.1100000e+02   1.0433669e+00
   1.1200000e+02   1.1418692e+00
   1.1300000e+02   1.0055309e+00
   1.1400000e+02   9.3235101e-01
   1.1500000e+02   7.6439195e-01
   1.1600000e+02   9.3847240e-01
   1.1700000e+02   1.1915581e+00
   1.1800000e+02   1.0585104e+00
   1.1900000e+02   9.5684421e-01
   1.2000000e+02   9.3997307e-01
   1.2100000e+02   1.0083866e+00
   1.2200000e+02   1.1131269e+00
   1.2300000e+02   1.1216119e+00
   1.2400000e+02   9.5364803e-01
   1.2500000e+02   1.0497696e+00
   1.2600000e+02   9.2785330e-01
   1.2700000e+02   9.3438352e-01
   1.2800000e+02   9.4632332e-01
   1.2900000e+02   9.7229078e-01
   1.3000000e+02   9.0412406e-01
   1.3100000e+02   8.8806055e-01
   1.3200000e+02   1.0505246e+00
   1.3300000e+02   1.0451894e+00
   1.3400000e+02   7.4869598e-01
   1.3500000e+02   7.2703544e-01
   1.3600000e+02   1.0225546e+00
   1.3700000e+02   1.1162384e+00
   1.3800000e+02   1.0007180e+00
   1.3900000e+02   9.2328528e-01
   1.4000000e+02   8.5874310e-01
   1.4100000e+02   9.5948638e-01
   1.4200000e+02   1.2330778e+00
   1.4300000e+02   1.2966905e+00
   1.4400000e+02   1.0992461e+00
   1.4500000e+02   1.0831405e+00
   1.4600000e+02   1.0773804e+00
   1.4700000e+02   8.4962811e-01
   1.4800000e+02   8.4508558e-01
   1.4900000e+02   1.0334199e+00
   1.5000000e+02   1.1699397e+00
   1.5100000e+02   1.2683523e+00
   1.5200000e+02   1.0449898e+00
   1.5300000e+02   9.2941367e-01
   1.5400000e+02   1.1014894e+00
   1.5500000e+02   1.0665539e+00
   1.5600000e+02   8.8172794e-01
   1.5700000e+02   7.5904262e-01
   1.5800000e+02   6.9495237e-01
   1.5900000e+02   7.3653409e-01
   1.6000000e+02   8.3053220e-01
   1.6100000e+02   1.0273359e+00
   1.6200000e+02   8.5099736e-01
   1.6300000e+02   8.1085970e-01
   1.6400000e+02   1.2693347e+00
   1.6500000e+02   1.6516355e+00
   1.6600000e+02   1.2432244e+00
   1.6700000e+02   1.1103046e+00
   1.6800000e+02   1.1635559e+00
   1.6900000e+02   1.2232669e+00
   1.7000000e+02   1.2610420e+00
   1.7100000e+02   1.1653345e+00
   1.7200000e+02   8.5605191e-01
   1.7300000e+02   7.5838883e-01
   1.7400000e+02   7.3221514e-01
   1.7500000e+02   1.0468055e+00
   1.7600000e+02   1.2579604e+00
   1.7700000e+02   1.2300173e+00
   1.7800000e+02   1.2125466e+00
   1.7900000e+02   1.0402637e+00
   1.8000000e+02   7.9627270e-01
   1.8100000e+02   8.2330352e-01
   1.8200000e+02   9.8784957e-01
   1.8300000e+02   1.2051532e+00
   1.8400000e+02   9.2478324e-01
   1.8500000e+02   1.0502885e+00
   1.8600000e+02   1.2625162e+00
   1.8700000e+02   1.0809229e+00
   1.8800000e+02   1.0724146e+00
   1.8900000e+02   8.7612240e-01
   1.9000000e+02   9.9810879e-01
   1.9100000e+02   1.1475118e+00
   1.9200000e+02   1.1718526e+00
   1.9300000e+02   8.1150605e-01
   1.9400000e+02   8.2505634e-01
   1.9500000e+02   1.0707389e+00
   1.9600000e+02   1.3253474e+00
   1.9700000e+02   1.4298876e+00
   1.9800000e+02   1.1435985e+00
   1.9900000e+02   1.0594010e+00
   2.0000000e+02   1.1292381e+00
   2.0100000e+02   1.2927072e+00
   2.0200000e+02   1.3038947e+00
   2.0300000e+02   1.2641706e+00
   2.0400000e+02   1.3154193e+00
   2.0500000e+02   1.1330130e+00
   2.0600000e+02   9.7431751e-01
   2.0700000e+02   1.2948260e+00
   2.0800000e+02   1.2558840e+00
   2.0900000e+02   7.1932871e-01
   2.1000000e+02   4.6913963e-01
   2.1100000e+02   4.9201278e-01
   2.1200000e+02   8.8469539e-01
   2.1300000e+02   2.1824635e+00
   2.1400000e+02   2.7865306e+00
   2.1500000e+02   1.2591400e+00
   2.1600000e+02   4.5810551e-01
   2.1700000e+02   2.8831656e-01
   2.1800000e+02   5.4474404e-01
   2.1900000e+02   1.1376668e+00
   2.2000000e+02   1.4726632e+00
   2.2100000e+02   1.2818036e+00
   2.2200000e+02   1.1705439e+00
   2.2300000e+02   1.3393950e+00
   2.2400000e+02   1.2318252e+00
   2.2500000e+02   6.4085466e-01
   2.2600000e+02   3.6554009e-01
   2.2700000e+02   5.7772170e-01
   2.2800000e+02   1.5894718e+00
   2.2900000e+02   3.9644636e+00
   2.3000000e+02   2.6020323e+00
   2.3100000e+02   7.4351695e-01
   2.3200000e+02   2.3820121e-01
   2.3300000e+02   2.9252148e-01
   2.3400000e+02   9.3043051e-01
   2.3500000e+02   2.9095699e+00
   2.3600000e+02   3.7127252e+00
   2.3700000e+02   1.3590676e+00
   2.3800000e+02   3.9594298e-01
   2.3900000e+02   2.6589960e-01
   2.4000000e+02   6.2118429e-01
   2.4100000e+02   1.9705723e+00
   2.4200000e+02   4.2552084e+00
   2.4300000e+02   1.1165838e+00
   2.4400000e+02   1.6927656e-01
   2.4500000e+02   4.0124574e-01
   2.4600000e+02   1.0855613e+00
   2.4700000e+02   2.8497385e+00
   2.4800000e+02   7.4445062e+00
   2.4900000e+02   5.3134378e+00
